3.738877848322983977e-01
1.695753763552376725e-01
1.064888108492741264e-01
1.306802591606894548e-01
1.561954383550493430e-01
1.398848865305264699e-01
1.502831993619914430e-01
1.708970370382863202e-01
1.451370654290528306e-01
1.338261299467663479e-01
4.550056422497175679e-02
9.820884888818726122e-02
1.037607865069911928e-01
1.053331353848178109e-01
1.051309172990732288e-01
1.079924447687684030e-01
1.054658240971609595e-01
9.477207764045325611e-02
1.002720212986979442e-01
9.658070433864764104e-02
5.473659106701055099e-02
5.701984783860207517e-02
5.704945222377745540e-02
6.219470699572119538e-02
6.203618432079693185e-02
6.768858258896426339e-02
7.219699837806639597e-02
7.328697906509298865e-02
7.440799036477173389e-02
7.204905605389350098e-02
7.276005179114065913e-02
6.359886375696988114e-02
6.757833296317768135e-02
6.690760598748593524e-02
6.901424466493434606e-02
6.800082103135487999e-02
6.618380336986366685e-02
