3.164431218767195797e-01
1.542004038757759932e-01
1.333590917537254283e-01
1.226604759870476985e-01
1.152231019908934312e-01
1.107257186157166173e-01
1.032321166664458001e-01
9.907651787361099194e-02
9.452798546131223334e-02
9.385508195875091886e-02
8.796782145488662996e-02
9.021587557917355726e-02
9.000570142378999661e-02
9.022589672407510530e-02
9.020687917843407677e-02
9.049368463656629058e-02
9.009651824666631281e-02
9.016492495309286204e-02
8.980967396498260036e-02
8.955548905734833642e-02
8.914936199562947805e-02
8.954138526760985206e-02
8.983536952481196991e-02
8.997852924701864319e-02
9.024997174529172939e-02
9.029455355694550323e-02
9.035122773624054693e-02
9.037498764643070448e-02
9.046747684465426820e-02
9.047066656847296828e-02
9.041067198286888151e-02
9.051010207891059534e-02
9.043407921179989761e-02
9.042418270079191633e-02
9.042500800592458143e-02
9.041065459106978341e-02
9.039943881796869141e-02
