9.176807444523980006e-01
9.392448103078023802e-01
9.620615604867572834e-01
9.566034359341445414e-01
9.421975662133142970e-01
9.506084466714388448e-01
9.475662133142448429e-01
9.372763063707945097e-01
9.495347172512527134e-01
9.523085182534001270e-01
9.838940586972082514e-01
9.638511095204008727e-01
9.610773085182533482e-01
9.584824624194703269e-01
9.607193987115246747e-01
9.594667143879742621e-01
9.603614889047960013e-01
9.642090193271295462e-01
9.614352183249821326e-01
9.659090909090909394e-01
9.809413027916964456e-01
9.806728704366499683e-01
9.807623478883321644e-01
9.782569792412312282e-01
9.786148890479599016e-01
9.745884037222619645e-01
9.748568360773085528e-01
9.736041517537580292e-01
9.714566929133858775e-01
9.741410164638510949e-01
9.728883321403006823e-01
9.769148174659986195e-01
9.751252684323550302e-01
9.750357909806728340e-01
9.757516105941302920e-01
9.761095204008589654e-01
9.759305654974946842e-01
